61183
144409
87164
112614
33435
40816
73643
135407
39868
113649
103136
52475
113129
26463
21734
135367
85062
82335
113321
49735
118313
45525
42672
89272
47990
28817
118473
24565
23632
112549
102556
28775
83138
76412
30829
144034
144161
59881
102236
137419
116913
93673
94524
58273
27322
40238
22801
110774
141593
65920
111729
46362
35023
86625
19959
101056
98856
20878
54911
77792
111314
111241
71958
96422
25224
22173
140693
111521
121682
25987
35951
100356
30272
44264
43133
26943
116581
19506
40536
50121
141901
87326
23260
33915
87885
140809
68590
38852
86518
21576
107496
95027
85430
92560
30509
82177
36426
49577
55370
117681
88248
45767
43648
73211
63606
25119
50853
24845
106956
24727
90276
111013
38120
47071
45805
106796
61110
111773
53176
118429
98576
88161
94766
108436
118349
81852
87259
75017
39098
143094
38209
51660
119314
32136
142969
86467
20994
119474
119521
133819
18686
77701
112513
60651
36559
76369
45618
119729
91537
23149
104836
35471
25066
23588
29276
56327
46730
39661
72191
114189
24658
113173
51099
62147
118141
96902
22892
57519
27770
48236
31248
44026
89509
118621
98980
77054
43997
100395
89439
25123
22274
75820
29333
51135
62002
65355
65794
106452
32901
50338
90968
69145
83773
48373
30175
100968
98433
110977
101095
27025
93574
35887
79342
25851
38339
46065
86522
81675
32073
35324
131263
61858
30978
44811
107032
99929
31634
36563
49432
82032
45622
106479
29968
97064
24662
50674
28472
30439
31956
139164
21980
48928
20929
107779
49981
89978
26806
19082
34398
19443
103695
47724
40473
33732
87263
138451
105632
74613
73185
38917
99372
26764
18750
85058
44882
30894
90448
22036
28309
139263
104000
41760
105108
94271
84666
49349
82749
30337
43076
54126
105535
105460
44531
37670
21789
27267
93736
133631
83321
105300
86802
32992
143057
62091
72486
62450
104208
29761
40308
33049
81437
25571
35166
93854
60346
26459
114577
98698
21061
31476
83008
48408
99720
71962
89337
28952
57803
96418
23815
107068
97226
87631
23777
91309
29089
117077
64934
66140
19011
107708
82299
102879
36843
21698
95883
67528
27318
107500
107455
120058
61407
41449
28020
57171
47566
34627
24230
90761
107335
32708
141897
46358
63311
35019
98348
116417
82460
92077
26526
36131
137399
25185
104601
96783
25544
29754
29395
109854
48876
93861
31808
30512
37645
37284
83314
88253
43653
29836
56967
50848
65732
115716
109694
100878
143656
38849
105501
41837
105454
98495
18807
27083
27442
114376
84931
20877
104369
103393
18765
41394
108594
46402
41755
86584
135398
35743
104409
81212
35382
35798
22889
82455
49494
31692
49055
31253
36104
100853
42112
106001
37858
45684
89512
140356
76372
107109
24205
23152
56818
90395
117676
23593
90754
97403
100693
73851
63887
28015
107534
107461
33355
34002
107301
19024
55483
26303
21054
21495
23820
41278
23629
81640
25706
56447
104478
29516
39101
46491
62945
44824
30832
100594
93180
58141
27010
48556
98579
83156
53179
58580
44387
106533
89269
77698
44746
54351
49839
25864
32934
110816
105778
65360
100809
39873
46922
43201
88601
84411
30581
19319
94006
137590
20557
30140
58833
27962
67476
75815
51100
107153
86307
29279
32297
73571
102394
65488
63166
82617
30269
106278
36787
26751
45007
88528
21579
43128
104453
77789
24047
134930
34450
34091
24486
90516
51229
38281
38640
28257
64992
105993
40697
135390
102969
103094
23500
33117
108693
66337
19266
107178
42181
49578
99557
82178
99196
31601
95386
21216
138465
18458
103934
108853
64421
38115
40313
33052
34305
87503
80654
120084
116380
141860
19323
27958
99412
92555
21792
59155
26004
21353
24870
32989
110512
97866
82393
117080
106837
45583
89977
116188
140395
90453
97704
111612
24102
23255
28312
74801
108557
79422
118548
39936
60906
98353
98792
27745
27384
27827
18462
60664
46705
39654
115488
86242
119440
32898
35085
119515
105497
86683
32713
25643
119648
91312
96045
25282
97919
29092
109657
29453
119128
114948
77734
49909
30977
84344
83013
119888
67880
44603
43554
43195
88154
28949
118615
113772
28381
112015
28740
38357
135418
24550
24191
32068
92875
112620
98428
113728
31479
36290
92717
26687
60559
36651
49700
103057
118272
90973
113315
113240
21701
95691
142692
85286
31316
85647
118512
48368
52081
42496
42057
92078
52440
19771
112428
97546
87151
33400
23017
102357
68885
50356
40741
40380
112348
29328
35964
110020
44690
18942
99369
44251
83080
27507
93599
93497
61218
21428
20932
111648
137406
29001
101137
40468
33729
25211
111128
32341
111320
111275
32780
86610
22397
28469
41000
136118
111440
111515
48933
37862
94511
20481
30096
30198
30457
31938
43716
100557
140932
29973
56822
22834
52942
18769
137011
26954
101240
24120
90471
86588
101475
101520
28330
38845
100428
33902
87892
82770
94689
26636
36221
45160
61875
100348
99430
89027
42427
21371
136244
37288
37649
24852
51118
78780
74590
22259
50844
40331
56609
25548
87521
33070
111737
25189
23467
43219
85994
61078
19301
66691
45812
76286
30158
37560
48431
58026
103320
103275
27177
83031
138844
54236
44621
62381
80119
103515
62740
108472
86499
38658
91330
25661
35276
87608
46137
112557
60056
19028
60497
60599
20983
94813
48982
89158
18440
67511
113897
134444
51067
22326
32731
86260
144417
24209
113657
50659
27999
22885
25098
23518
45688
45249
113137
94161
36108
30027
20430
19392
55857
61194
19753
105080
135338
104828
103172
104188
34817
114197
105920
90951
108015
105875
103612
26474
21723
52462
99062
135443
89265
108428
45532
42665
36673
49722
118437
85075
82322
33991
108348
25868
63092
118357
50564
28762
109315
109240
142977
90023
102272
24572
23625
109475
109520
44828
76405
58264
27335
94533
107680
29951
106948
72115
79493
86632
107915
107840
35034
41022
48911
27896
93906
106788
20910
77785
136638
70013
25233
22164
96435
64919
41950
107488
44273
43124
18960
83463
48063
30265
30883
44895
82318
49718
29166
46420
113694
81230
35761
97708
25376
115633
68168
28758
139359
90019
115153
27460
113854
48126
85409
113901
93131
119393
26008
135947
30530
116478
43671
143773
75307
73228
33418
112594
86815
32985
34309
86777
47489
41167
21719
77411
27299
45477
110969
84789
82267
49667
26321
100976
140513
73101
28945
38230
47361
28627
24437
80571
49905
36854
42842
83459
19616
60668
20058
87036
23170
35089
33567
40626
141613
46709
116453
64490
74087
40944
68241
34952
41018
21666
27388
95337
27749
85720
116333
89530
99127
120162
52527
27940
36038
117454
29324
51122
56275
91465
96732
68889
117334
25134
22263
140021
39851
24339
116369
29887
111393
141889
60861
44174
43223
30162
116409
116601
27032
87738
41886
116034
116161
110933
79355
33998
32064
86535
107076
44979
30810
115534
115461
45635
42562
89162
82025
49425
143729
56739
24917
90887
115254
115301
143049
64403
114209
28465
24675
23522
118394
97073
114569
44438
28398
113593
45957
142621
142774
19454
54928
19095
52807
40399
114761
87274
80123
112853
33725
47733
40464
38662
119861
114154
119934
133559
108976
73553
97901
23891
35968
33847
26773
21424
105676
99365
115669
139109
103390
37897
27841
25035
22362
29986
62114
65682
105502
24238
46801
105262
30063
48265
135861
133033
43322
60960
113827
27133
20264
94735
79695
75485
75044
41224
39022
113959
86434
104602
35232
107098
30911
44878
95538
49524
31722
36475
133778
89063
45734
63294
68899
24816
90225
97172
24774
23423
57435
107462
45856
44539
19194
19555
100690
38763
72948
33624
33946
35869
78515
23990
97800
111787
105698
106002
92323
100850
100905
26672
49619
82219
30982
107630
25277
97609
116659
35660
107005
107150
90118
116047
93030
83427
48027
27561
44237
140667
55248
98767
106465
30431
94577
26109
106305
35099
32884
86914
40658
33519
41066
140719
47588
47149
117347
32327
93942
21618
143407
59371
49766
84249
82366
119787
84688
105750
114059
133501
45576
105165
28844
29118
96589
90067
34121
24536
28726
114127
119947
47260
38331
135393
61301
48158
89982
103398
108690
115359
21805
20159
118487
104505
104450
142707
19717
35188
23071
134933
142067
97520
104265
41119
34853
72468
42031
52426
99026
19875
89431
85621
27648
27289
21767
19652
45980
61095
19293
47535
40662
73837
87072
33523
111744
90850
34916
46738
100706
99163
26575
21622
92024
95373
117083
31425
36772
45433
89364
101218
87900
24473
23724
90122
97275
101406
62848
50465
116383
99811
44929
113144
98622
113011
115843
93765
27234
20163
113624
113771
75343
39886
34338
46274
41123
35135
86733
81464
93807
27997
37941
48810
26039
81399
60315
77245
77684
103418
94981
84957
54978
96534
119443
25332
22065
23999
29122
112524
41851
103566
114583
135737
103206
30364
18861
88425
44372
43025
26855
59904
115584
109406
28231
142851
86489
90570
24021
39018
33803
118324
118271
47815
38944
109218
61974
55476
36320
49271
59666
26737
94349
142691
118444
82671
118511
85336
31667
21270
52131
108706
112638
89126
44409
62568
22358
64086
108066
105806
119984
23566
25088
33171
87420
114911
97037
25449
63872
112143
76387
30059
45913
119611
119744
66790
19200
66351
45698
133497
61179
31905
43318
44720
83130
27076
58127
48530
38759
78169
140864
72256
72697
111338
29570
46036
39167
111323
87709
35377
25760
91231
20882
94699
59719
111443
31718
48883
110038
107966
24308
86361
116084
32630
41571
57049
23419
75711
22984
107818
20531
30126
36009
94060
45348
43267
24090
24451
34046
106684
38256
57710
100638
28280
140486
23679
41228
99833
117806
49601
36750
136312
26347
59216
26786
60458
92616
82201
36391
100143
45411
75048
73167
63570
87922
100623
90872
101538
74420
52541
42597
99141
95351
48269
31217
21600
19670
137012
29229
101523
40281
40640
97086
23116
91568
137772
130788
41873
118666
35865
118106
43178
21529
93157
58557
27406
83181
54747
18843
44791
54825
118718
60527
109011
20833
35707
81697
91280
25310
73018
33628
72944
46087
56490
109624
39517
41101
65814
22296
96306
86711
119566
90229
48832
103338
105384
43975
88217
143826
43617
31839
103323
20141
82128
30556
119418
49528
30197
20580
94410
108471
108524
22935
29872
75361
33592
144126
33153
47145
73886
109243
47584
139915
19222
61024
138788
113218
109523
76979
21252
144058
21693
59495
135648
109538
113406
99513
27859
104383
74072
25799
113366
135128
24971
135320
135275
105923
97967
103171
63122
45043
42314
135440
45482
135515
31494
82653
49692
31055
36302
82292
49253
103611
103744
112706
52861
89876
76174
112066
24003
23354
40849
39837
100311
79523
93315
27285
94483
27644
20513
98252
100524
67432
21809
27926
32612
86782
35184
39394
41192
39755
46604
41553
29552
51754
56403
29193
51395
25383
107843
25742
22415
96585
137240
30876
77635
43094
107683
88494
44702
43455
67981
110666
48512
84684
83112
28848
110106
62844
50469
46590
39000
29417
114465
56546
25607
91797
35210
41379
91356
23728
114305
30933
44925
76508
60030
105559
49938
54250
44647
89368
44286
31429
53078
48096
48457
98478
27111
58040
143625
62726
105427
46823
39972
109959
65261
69071
115765
115630
79466
32835
30041
113902
20456
30480
118865
109187
43300
21939
67577
18426
27863
29378
86206
96611
22781
22340
51001
38468
107359
116505
63067
21478
43029
45106
120034
120161
26650
36247
49316
116265
116330
30368
82716
92301
26291
107227
89933
71366
61771
77249
57207
28356
107547
38741
28797
22069
24587
34551
24146
87186
81468
33016
23401
97591
117605
106059
50381
40357
117165
19367
95924
98939
58369
95646
93769
21317
49479
99456
111398
78327
29294
51092
29655
56704
25445
22712
101827
96682
25084
22899
91114
31909
48977
43393
88352
70907
83215
48615
30413
110865
115098
62564
56866
116162
29937
41936
38948
111390
140022
27543
93012
94345
27182
140742
98155
60462
18664
115598
20976
59908
32515
35642
86485
39452
46503
41654
100287
39093
87918
90937
22988
112690
89413
45785
45344
42013
36005
66879
82195
49595
85603
29999
57045
28114
90655
23492
112850
24304
23053
33254
34103
38313
42961
142622
19125
99976
61323
142639
21594
92753
26202
21155
115462
74375
73022
23921
81948
87867
64223
38930
42342
45015
89742
42783
61900
118529
49205
31003
108536
82967
59970
26821
119574
119421
119214
50482
105396
50043
24055
97292
24494
97653
90504
104936
33105
87095
38042
32859
47113
40685
19274
30799
109636
27888
31971
119629
59002
95394
21204
95755
26592
113713
99545
118674
99184
113073
114089
142294
118114
104096
29504
72981
62957
96112
22082
22443
25714
116481
77663
44836
44395
88003
107596
30742
48544
30383
25876
32926
34809
93343
58382
20545
27612
93782
98204
106696
67464
60733
111673
89799
117814
81483
75807
111113
41505
39703
63336
45257
45696
92050
59091
82447
49047
36116
84568
26501
47541
28007
111629
24217
90387
80351
90746
33786
87616
140793
33347
50411
24578
46129
66167
19036
60489
136619
111341
92922
31451
21046
27169
21487
31090
89310
72349
100536
72788
64671
87974
78076
29746
24839
39790
65842
119673
29387
25197
35580
112641
35141
135319
25556
113989
60361
112074
43923
103996
27240
37657
48706
113029
135267
27681
103756
22963
29824
113749
41825
113414
35833
118573
79737
113221
113374
44279
26628
20707
30310
88090
43051
98487
118213
55569
18815
53087
98046
77231
18777
144134
20865
86596
22011
96181
112449
72912
72699
140337
91830
100832
35976
20642
27515
106655
106700
94313
98103
18632
86012
107168
81784
35614
39404
117177
46194
134899
29603
25413
91142
22385
141757
120158
98871
107400
77564
45949
43704
88304
116517
37899
30084
48282
83243
84114
37712
30445
106508
22826
24909
106268
120026
101292
33202
87392
102952
34594
38784
109960
104055
109835
38345
139363
19173
139403
92867
95452
92705
26695
21103
115777
99283
52683
105768
115017
109195
28830
105008
105200
42484
105435
105560
89084
138703
36053
31304
82502
85655
36492
104468
21871
71172
76225
22959
28142
57013
50344
104308
28583
24793
90603
114317
68897
73879
23005
24352
39924
46875
32863
48211
27757
95329
109292
27396
44001
60676
70261
19608
104352
27835
134951
35199
35097
25480
25041
46717
39646
29251
29690
104432
57768
41691
51647
22506
32111
86081
86440
46078
24429
107679
30965
102908
44973
67331
98190
43546
45469
43187
103955
94741
30607
94380
25933
133563
51925
104379
90690
24700
90251
57080
57441
28510
38107
100295
71520
61137
18588
92547
92186
26016
106232
36401
49550
19892
55796
45381
106552
80924
97874
62249
64366
105079
26779
107892
42207
100868
52610
31146
85417
77659
21190
101195
101960
82822
107132
89965
40511
34478
23686
25368
87301
33291
23247
44471
58276
27327
21208
83261
100917
47559
39995
40689
56770
29621
117052
33109
111800
25431
35026
27884
93914
98853
26519
141672
18610
48098
22176
90508
28249
120103
75081
91812
25982
94331
49209
30277
20660
43136
137686
98121
139526
21853
67468
27258
71591
71150
117079
52499
41509
28160
112868
47426
139246
24370
90621
102877
32648
64079
34805
113835
63251
35159
75769
40813
45330
98208
55727
82520
26466
49120
116379
21121
83148
48548
83589
95470
99660
119492
71822
89277
143712
28812
112295
96558
74301
23955
87771
33220
23637
50576
29508
84659
76417
114552
19151
53173
58034
27165
143748
81857
79202
72784
75012
142715
142640
46125
118495
104517
86462
35264
32133
142075
67313
92639
44951
99869
60485
113292
18683
31238
114135
119955
114060
119800
22334
25063
96665
142448
29273
56322
51075
62142
23139
32841
119795
105617
110979
39879
22897
30035
43374
105177
88774
108917
20869
82800
117355
117200
26946
66093
19503
40533
87323
111492
28881
140720
38857
47906
95022
21573
26624
36423
49572
110952
82172
85225
116100
116055
76937
89035
64554
